9900,102713,1,0,0
9900,102456,2,0,0
9900,102542,3,0,0
9900,102594,4,0,0
9900,102600,5,0,0
9900,102620,6,0,0
9900,102703,7,0,0
9900,102629,8,0,0
9900,102659,9,0,0
9900,102839,10,0,0
9900,102832,11,0,0
9900,102834,12,0,0
9900,102835,13,0,0
9900,102838,14,0,0
9900,102842,15,0,0
9900,135000,16,1,1
9901,135000,1,0,0
9901,102837,2,0,0
9901,102833,3,0,0
9901,102841,4,0,0
9901,102703,5,1,0
9901,102619,6,1,0
9901,102600,7,1,0
9901,102589,8,1,0
9901,102455,9,1,0
9901,102713,10,1,1
10001,135000,1,0,0
10001,102837,2,0,0
10001,102833,3,0,0
10001,102840,4,0,0
10001,102845,5,0,0
10001,102847,6,0,0
10001,102849,7,0,0
10001,135004,8,0,0
10001,102848,9,0,0
10001,135001,10,0,0
10001,102850,11,0,0
10001,102852,12,0,0
10001,102851,13,0,0
10001,135003,14,0,0
10001,135002,15,0,0
10001,102846,16,0,0
10001,102844,17,0,0
10001,102836,18,0,0
10001,102834,19,0,0
10001,102835,20,0,0
10001,102838,21,0,0
10001,102842,22,0,0
